50331648 50462976
50463232 50463744
50464768 50466816
50528256 50528768
50529536 50536448
50593792 50595072
50595328 50595840
50597888 50601984
50659328 50673664
50675712 50678272
50678784 50681856
50692096 50702848
50712576 50714112
50714624 52494336
52503040 52503552
52527104 52953088
53477376 57016320
57147392 60817408
63963136 67108864
220200960 220332032
220332160 220332224
220332288 220332352
220332672 220332736
220332928 220333056
220333120 220333184
220333324 220333330
220333356 220333362
220333390 220333394
220333422 220333426
220333440 220333568
220333760 220333824
220333888 220333952
220334144 220334208
220334336 220334400
220334720 220334784
220334848 220334912
220334976 220335040
220335168 220335232
220335296 220335328
220335346 220335350
220335378 220335382
220335410 220335414
220335488 220335552
220335744 220335936
220336192 220336384
220336408 220336416
220336448 220336512
220336832 220336896
220336960 220337024
220337088 220337280
220337472 220337536
220337568 220337632
220337752 220338176
220338240 220338400
220338496 220338656
220338680 220338944
220338960 220338962
220338976 220339104
220339200 220340416
220340480 220341952
220342016 220347968
220348032 220349280
220397568 222035968
225443840 225705984
226230272 226492416
231211008 232259584
232783872 233832448
234094592 234375424
234381312 234618880
261619712 261685248
261881856 262078464
262144000 262275072
262406144 262537216
262668288 262733824
263258112 263281920
263520256 263585536
263716864 263847936
263979008 264044544
264110080 264111104
264114176 264118272
264175616 264241152
264306688 264314880
264568832 264578048
264601600 264634368
264765440 264830976
265093120 265289728
266076160 266084352
266126336 266129408
266131456 266137600
266139648 266155520
266207232 266338304
266600448 266731520
266731524 266731530
266731532 266731535
266732563 266732564
266732696 266732708
266732720 266732736
266732800 266733312
266735116 266735117
266735121 266735126
266735356 266735358
266735616 266735617
266735628 266735629
266735633 266735638
266735868 266735870
266736128 266736384
266736396 266736397
266736402 266736404
266736632 266736634
266736636 266736638
266736896 266739968
266740480 266742784
266744064 266747648
266747904 266751936
266752000 266755840
266764544 266765593
266765594 266765600
266765824 266767104
266767360 266768896
266769408 266769666
266769668 266769670
266769672 266769676
266769920 266774528
266775040 266775552
266775808 266776320
266776576 266776837
266777088 266777368
266777856 266779392
266779648 266780416
266780672 266781184
266781440 266782480
266782720 266783236
266783488 266783748
266784000 266785024
266785280 266786816
266797056 266862592
267124736 267255808
267913216 267914240
267915264 267922432
267923456 267925504
268107776 268107792
268107796 268107806
268238848 268369920
269221888 269222656
269222912 269226496
269484032 269549568
271712256 271843328
272498688 272629760
279052288 279183360
279445504 279707648
304218112 304238592
304277504 304283648
305922048 306053120
306184192 306446336
308543488 308740096
309592064 309854208
310509568 310575104
310640640 310968320
311033856 311558144
311689216 311951360
312016896 313393152
313458688 317718528
317980672 318177280
318504960 318701568
387186688 387448832
452984832 452985856
583008256 587202560
591872000 591875072
591880192 591886848
591888384 594542592
597164032 599261184
610789376 610789568
734003200 735051776
736119808 736120060
736120064 736120080
736120088 736120112
736120140 736120224
736120232 736120260
736120272 736120280
736120602 736120662
736120666 736120708
736120712 736120722
736120730 736120746
736120750 736120832
737750016 737751040
737853440 737853952
750780416 754974720
775127040 775148544
775149568 775159808
780730368 780795904
839909376 840171520
846200832 846266368
856686592 856817664
856948736 857210880
872415232 875470848
875471872 875478016
875478040 875478048
875478052 875478116
875478124 875478128
875478136 875478140
875478148 875478212
875478220 875478228
875478232 875478236
875478240 875478292
875478304 875478388
875478396 875478416
875478428 875478436
875478440 875478456
875478464 875478480
875478488 875478504
875478512 875478544
875478560 875478576
875478580 875478608
875478620 875478640
875478648 875478656
875478672 875478684
875478692 875478700
875478708 875478712
875478716 875478722
875478730 875478746
875478750 875478774
875478782 875478798
875478802 875478814
875478818 875478822
875478826 875478834
875478836 875478840
875478844 875478858
875478860 875478896
875478904 875478922
875478924 875478930
875478932 875478938
875478940 875478944
875478948 875478980
875478984 875478988
875478994 875479026
875479040 875492352
875493632 877832480
877834240 877836800
877837056 878511616
878512128 878513152
878513164 878513166
878513682 878513684
878514176 878514688
878514866 878514868
878515180 878515182
878515200 878515456
878515470 878515472
878518448 878518449
878518451 878518453
878518455 878518457
878518824 878518825
878518826 878518827
878518840 878518842
878518904 878518912
878519252 878519254
878519774 878519776
878519808 878520064
878521088 878521344
878522368 878522624
878523008 878523076
878523164 878523166
878524304 878524310
878524312 878524328
878524416 878524928
878524960 878524976
878525184 878525696
878525952 878526720
878526976 878527488
878527744 878528000
878528283 878528289
878528293 878528294
878528768 878528832
878529280 878529792
878530048 878530304
878530560 878531072
878532448 878532480
878533472 878533492
878533696 878533708
878534656 878535680
878538752 878539008
878540976 878540980
878541243 878541247
878541251 878541255
878541443 878541444
878541514 878541516
878541530 878541531
878541567 878541568
878541574 878541575
878541579 878541580
878541666 878541668
878541704 878541705
878541823 878541824
878541838 878541840
878541920 878541922
878542034 878542038
878542122 878542124
878542412 878542413
878542458 878542460
878542466 878542476
878542480 878542484
878542534 878542536
878542540 878542544
878542548 878542552
878542570 878542572
878542580 878542582
878542586 878542588
878542609 878542612
878542616 878542620
878542660 878542664
878542684 878542726
878542730 878542732
878542738 878542742
878542744 878542762
878542764 878542778
878542786 878542800
878542808 878542814
878542824 878542825
878542829 878542832
878542836 878542848
878543199 878543200
878543833 878543834
878544255 878544256
878544257 878544258
878544259 878544260
878544261 878544262
878544281 878544282
878544283 878544284
878544303 878544304
878544305 878544306
878544307 878544308
878544309 878544310
878544565 878544566
878544835 878544836
878545152 878545408
878545660 878545662
878545916 878545918
878546388 878546422
878547461 878547462
878548224 878548992
878549328 878549329
878549396 878549398
878549416 878549428
878550016 878551040
878555776 878555884
878556800 878556864
878559680 878559692
878560768 878560896
878568852 878568854
878570496 878571008
878571666 878571726
878572800 878573056
878573312 878573440
878573568 878574592
878575104 878575360
878575616 878580992
878581248 878583552
878583808 878593536
878594048 878612480
878613504 878614528
878614531 878614532
878614537 878614538
878614539 878614541
878614572 878614573
878614588 878614598
878614704 878614712
878616576 878626464
878626560 878627136
878627840 878639344
878639392 878639664
878640128 878648640
878648832 878649344
878649856 878652160
878653440 878690048
878690304 878697472
878698496 878700288
878701312 878701568
878702336 878706592
880246784 880265216
880266496 880278016
880278528 880279552
880574464 880607232
881886496 881886528
881901568 881902016
881902080 881902400
881902784 881902848
881902976 881903104
881903488 881903552
881903680 881903808
881903936 881904064
881904896 881904960
881905664 881905668
881905728 881906636
881906752 881906816
881906880 881906944
881907008 881907072
881907328 881907392
881907456 881907460
881907648 881907660
881907712 881907724
881908224 881908352
881909568 881909696
881909824 881910208
881910592 881910656
881910720 881910788
881910848 881911168
881911296 881911360
881911500 881911508
881911616 881911680
881912128 881912136
881912192 881912200
881912256 881912320
884998144 886772736
886773760 886779904
886781952 886787072
886788096 886806016
886806528 886809088
886809600 886819072
886819328 886821632
886833152 887062528
910163968 912261120
915406848 920528896
920530944 920532992
920533248 920533520
920533536 920533568
920533760 920534016
920535040 920537088
920538112 920541184
920551424 921643008
921643160 921643168
921645056 921651200
921657344 921657600
921657856 921658880
921659042 921659044
921659112 921659118
921659392 921661952
921662208 921662336
921662464 921690112
921702656 921702912
921731072 921749760
921750016 921755648
921755904 921758720
921758721 921758723
921758725 921758727
921758729 921758731
921758733 921758735
921758737 921758739
921758741 921758743
921758745 921758747
921758749 921758751
921758753 921758755
921758757 921758759
921758761 921758763
921758765 921758767
921758769 921758771
921758773 921758775
921758777 921758779
921758781 921758783
921758785 921758787
921758789 921758791
921758793 921758795
921758797 921758799
921758801 921758803
921758805 921758807
921758809 921758811
921758813 921758815
921760000 921760256
921760768 922746880
989760000 989760192
1059061760 1059323904
1073115136 1073116160
1073116928 1073117184
1086029824 1086033920
1090273280 1090306048
1090519040 1090781184
1091043328 1091158016
1137311744 1137328128
1138548736 1138556928
1145204736 1145208832
1146028032 1146044416
1164641200 1164641216
1164641904 1164641920
1164641952 1164641968
1164641992 1164642024
1164642048 1164642072
1164642080 1164642192
1172750336 1172766720
1172799488 1172815872
1173012480 1173028864
1173061632 1173078016
1183055872 1183072256
1189134336 1189150720
1189625856 1189642240
1199816704 1199849472
1200111616 1200128000
1200160768 1200162048
1200162816 1200163840
1201143808 1201176576
1209384960 1209393152
1210646528 1210650624
1210851328 1210859520
1258422272 1258455040
1264943104 1264975872
1289682944 1289715712
1333592064 1333624832
1475235840 1475237888
1618935808 1618968576
1665990656 1666007040
1666023424 1666039808
1666053888 1666054144
1666054656 1666054912
1666055424 1666055936
1666088960 1666100480
1666101248 1666107392
1666109440 1666113536
1666114560 1666318336
1666351104 1666367488
1666400256 1666409984
1666412544 1666415616
1666416640 1666514944
1666580480 1666655232
1670774784 1670807552
1670856704 1670881280
1679032320 1679818752
1728317440 1728319488
1728621568 1728622592
1744212992 1744214016
1761556491 1761556493
1761557329 1761557332
1761557333 1761557337
1761557339 1761557340
1761557349 1761557355
1761557362 1761557364
1761557366 1761557368
1761557370 1761557376
1761557378 1761557388
1796472832 1796734976
1806696448 1806827520
1820327936 1821114368
1822162944 1822425088
1822875648 1822883840
1823420416 1823424512
1954669056 1954669248
1992384832 1992385024
2006169088 2006169280
2016676928 2016676992
2016679520 2016679552
2016683904 2016683936
2016713152 2016713216
2028530688 2028530880
2029908160 2029908224
2029908384 2029908416
2029909376 2029909472
2063122432 2063138816
2192572416 2192633856
2192637440 2192637952
2360541184 2360606720
2382667776 2382667904
2412511232 2412576768
2430337024 2430402560
2531131408 2531131412
2531131520 2531131648
2531131904 2531132160
2531132336 2531132416
2531132672 2531133440
2531133952 2531134210
2531134282 2531134290
2531134292 2531134306
2531134464 2531134976
2531135048 2531135050
2531135356 2531135366
2531138577 2531138580
2531138664 2531138704
2531148288 2531148800
2531149056 2531153408
2531153664 2531157760
2531158016 2531158784
2531159040 2531159808
2531160064 2531162112
2531162132 2531162134
2531162174 2531162176
2531162336 2531162348
2531162352 2531162365
2531162367 2531162624
2531162716 2531162742
2531164435 2531164438
2531164478 2531164484
2531164485 2531164486
2531164526 2531164564
2531164568 2531164576
2531164656 2531164669
2531164671 2531164672
2531165440 2531166464
2531166720 2531166976
2531167092 2531167104
2531167232 2531168256
2531173584 2531173588
2531173596 2531173599
2531176448 2531177728
2531181568 2531181824
2531182336 2531182464
2531183104 2531184640
2531184704 2531184738
2531185152 2531185408
2531185664 2531185920
2531185960 2531185962
2531186176 2531186688
2531186961 2531186962
2531187170 2531187180
2531187192 2531187196
2531187200 2531188992
2531189248 2531190272
2531190323 2531190324
2531190364 2531190404
2531190528 2531190784
2531190835 2531190836
2531190872 2531190873
2531190878 2531190906
2531191040 2531191384
2531191392 2531191440
2531191552 2531192320
2531192576 2531192832
2531193428 2531193430
2531193558 2531193560
2531194234 2531194236
2531196148 2531196156
2645491712 2645557248
2649817088 2649882624
2684420096 2684485632
2713485312 2713494016
2713518080 2713583616
2731927552 2731928576
2732495872 2732496896
2734353408 2734354432
2891997440 2891997952
2892000768 2892001024
2927689728 2927755264
2938732544 2938765312
2954903552 2954918912
2954919040 2954919424
2955018240 2955083776
2974253056 2974285824
2974347264 2974349312
3001810944 3001815040
3030595840 3030596032
3091726336 3091857408
3098116096 3098148864
3106961408 3106962432
3113160704 3113160960
3272671232 3272671488
3328377344 3328377600
3347048448 3347049472
3411270656 3411271680
3425501184 3425566720
3438051328 3438084096
3438714880 3438723072
3455827968 3455844096
3484131328 3484139520
3495319552 3495320576
3496882176 3496886272
3510022144 3510026240
3632865280 3632873472
3635863552 3635867648
3745975040 3745975072
3745990496 3745990656
